0.130665 0.183869 0.155536 0.157411 0.151284 0.15104 0.146404 0.142139 0.149528 0.147237 0.171205 0.17228 0.168009 0.177717 
0.183869 0.137738 0.15994 0.161932 0.157558 0.155308 0.17547 0.171077 0.179375 0.177291 0.151197 0.150022 0.14833 0.15461 
0.155536 0.15994 0.137836 0.189853 0.156097 0.154859 0.149277 0.145554 0.181623 0.178464 0.150867 0.152084 0.172136 0.180871 
0.157411 0.161932 0.189853 0.140129 0.157952 0.156751 0.178536 0.173176 0.152693 0.150957 0.178073 0.17609 0.149491 0.156745 
0.151284 0.157558 0.156097 0.157952 0.131392 0.178661 0.147159 0.164764 0.150366 0.170696 0.147511 0.173361 0.144671 0.178722 
0.15104 0.155308 0.154859 0.156751 0.178661 0.129336 0.168674 0.142531 0.17243 0.147629 0.171416 0.145625 0.168259 0.150021 
0.146404 0.17547 0.149277 0.178536 0.147159 0.168674 0.138346 0.146843 0.159686 0.17135 0.153364 0.170694 0.167849 0.199714 
0.142139 0.171077 0.145554 0.173176 0.164764 0.142531 0.146843 0.130945 0.169034 0.152272 0.165005 0.150704 0.183975 0.172122 
0.149528 0.179375 0.181623 0.152693 0.150366 0.17243 0.159686 0.169034 0.14297 0.153923 0.17587 0.197784 0.152924 0.177764 
0.147237 0.177291 0.178464 0.150957 0.170696 0.147629 0.17135 0.152272 0.153923 0.139209 0.195424 0.1728 0.166873 0.159242 
0.171205 0.151197 0.150867 0.178073 0.147511 0.171416 0.153364 0.165005 0.17587 0.195424 0.139191 0.155387 0.151106 0.176541 
0.17228 0.150022 0.152084 0.17609 0.173361 0.145625 0.170694 0.150704 0.197784 0.1728 0.155387 0.139233 0.16698 0.156457 
0.168009 0.14833 0.172136 0.149491 0.144671 0.168259 0.167849 0.183975 0.152924 0.166873 0.151106 0.16698 0.133955 0.156197 
0.177717 0.15461 0.180871 0.156745 0.178722 0.150021 0.199714 0.172122 0.177764 0.159242 0.176541 0.156457 0.156197 0.146164 
