0.00354722 0.00440669 0.00409205 0.00406387 0.00398598 0.00395928 0.00336694 0.00328858 0.00341167 0.00336154 0.0036511 0.00363845 0.00353696 0.00372039 
0.00440669 0.0036522 0.00415233 0.00412394 0.00404557 0.00401753 0.00370588 0.00361939 0.00375521 0.00370002 0.0034159 0.00340336 0.00330926 0.00348005 
0.00409205 0.00415233 0.0037238 0.00452739 0.00408407 0.00405636 0.00344923 0.00336906 0.00379218 0.00373583 0.00344843 0.003437 0.0036237 0.00381143 
0.00406387 0.00412394 0.00452739 0.00367263 0.00405616 0.0040284 0.00371623 0.00362924 0.00347087 0.00341941 0.00371491 0.00370175 0.003318 0.00348953 
0.00398598 0.00404557 0.00408407 0.00405616 0.00353286 0.0042959 0.00336034 0.00355939 0.00340546 0.00363864 0.00335984 0.00363168 0.00325502 0.0037132 
0.00395928 0.00401753 0.00405636 0.0040284 0.0042959 0.003485 0.00361974 0.00326025 0.00366817 0.0033325 0.0036194 0.00332505 0.00350629 0.00339951 
0.00336694 0.00370588 0.00344923 0.00371623 0.00336034 0.00361974 0.00271566 0.00289339 0.00300416 0.00313214 0.00296288 0.00312561 0.0030384 0.00339075 
0.00328858 0.00361939 0.00336906 0.00362924 0.00355939 0.00326025 0.00289339 0.00258924 0.0031048 0.00288947 0.00306302 0.00288325 0.00314736 0.0031212 
0.00341167 0.00375521 0.00379218 0.00347087 0.00340546 0.00366817 0.00300416 0.0031048 0.0027879 0.00299737 0.0031785 0.00336032 0.00290765 0.00323806 
0.00336154 0.00370002 0.00373583 0.00341941 0.00363864 0.0033325 0.00313214 0.00288947 0.00299737 0.00270614 0.00332214 0.00312052 0.00303311 0.00301398 
0.0036511 0.0034159 0.00344843 0.00371491 0.00335984 0.0036194 0.00296288 0.00306302 0.0031785 0.00332214 0.00271385 0.00295195 0.00286882 0.00319499 
0.00363845 0.00340336 0.003437 0.00370175 0.00363168 0.00332505 0.00312561 0.00288325 0.00336032 0.00312052 0.00295195 0.00269529 0.00302685 0.00300747 
0.00353696 0.00330926 0.0036237 0.003318 0.00325502 0.00350629 0.0030384 0.00314736 0.00290765 0.00303311 0.00286882 0.00302685 0.00254623 0.00292321 
0.00372039 0.00348005 0.00381143 0.00348953 0.0037132 0.00339951 0.00339075 0.0031212 0.00323806 0.00301398 0.00319499 0.00300747 0.00292321 0.00281728 
